2 0.317057 0.551432 0.077474 0.121962
2 0.245931 0.270833 0.079102 0.102431
2 0.379883 0.518446 0.076823 0.113281
2 0.386230 0.433160 0.060221 0.087674
2 0.605469 0.470269 0.080729 0.080295
2 0.606120 0.402778 0.088542 0.083333
2 0.424479 0.394965 0.049479 0.091146
2 0.474284 0.427083 0.060547 0.090278
2 0.314453 0.245877 0.067708 0.121094
2 0.298340 0.369141 0.077148 0.081163
2 0.380534 0.313368 0.061849 0.068576
2 0.419434 0.637153 0.061523 0.088542
2 0.800293 0.447049 0.076497 0.108507
2 0.868164 0.547092 0.105469 0.123698