2 0.522461 0.577257 0.074870 0.092014
2 0.632975 0.532552 0.068034 0.088542
2 0.593099 0.339627 0.053385 0.065538
2 0.578776 0.521484 0.055990 0.068142
2 0.753743 0.967448 0.062174 0.064236
2 0.755697 0.868707 0.062826 0.048177
2 0.503906 0.339627 0.054036 0.054253
2 0.737956 0.909288 0.058594 0.052083
2 0.787923 0.495443 0.067383 0.109809
2 0.584473 0.248481 0.065430 0.054253
2 0.580241 0.199436 0.062174 0.069878
2 0.575033 0.290365 0.051107 0.044271
2 0.790527 0.843316 0.049154 0.062500
2 0.549316 0.329427 0.038737 0.063368
2 0.512858 0.452908 0.044596 0.060330
2 0.620768 0.435113 0.056641 0.065538
2 0.554199 0.379774 0.043945 0.039931
2 0.472005 0.412760 0.052734 0.058160
2 0.832194 0.839844 0.040690 0.076389
2 0.510905 0.511285 0.045898 0.069444
2 0.359863 0.101128 0.071289 0.120660
2 0.526693 0.397135 0.027995 0.063368
2 0.977051 0.972439 0.045247 0.054253
2 0.595540 0.397135 0.050456 0.053819