2 0.682617 0.535807 0.055339 0.106337
2 0.648600 0.683594 0.059570 0.106771
2 0.517090 0.492405 0.056315 0.104601
2 0.194987 0.105469 0.055339 0.078125
2 0.456706 0.725694 0.061198 0.100694
2 0.270345 0.443142 0.057617 0.088542
2 0.683105 0.425998 0.056966 0.063802
2 0.608561 0.345920 0.051107 0.082465
2 0.066569 0.487413 0.054362 0.085069
2 0.019531 0.362413 0.039062 0.068576
2 0.763672 0.381076 0.044922 0.078993
2 0.469238 0.493924 0.046549 0.070312
2 0.016439 0.444444 0.032878 0.084201
2 0.392090 0.263021 0.053060 0.074653
2 0.084310 0.419054 0.044271 0.060330
2 0.705404 0.381510 0.034505 0.057292
2 0.333171 0.385634 0.043294 0.064670
2 0.503255 0.358290 0.046875 0.069010