2 0.502279 0.476807 0.048177 0.082520
2 0.280111 0.691406 0.049805 0.083984
2 0.791992 0.938721 0.072266 0.114746
2 0.194824 0.475342 0.053711 0.108887
2 0.494954 0.563721 0.066081 0.084473
2 0.503092 0.705322 0.056966 0.070801
2 0.668132 0.922607 0.075846 0.152832
2 0.345866 0.556152 0.034180 0.084961
2 0.375000 0.556152 0.033203 0.069336
2 0.230632 0.619629 0.079753 0.109375
2 0.529297 0.661133 0.054688 0.055664
2 0.571615 0.786377 0.036458 0.085449
2 0.376790 0.788574 0.049805 0.105469
2 0.372721 0.302734 0.046224 0.067383
2 0.594401 0.439941 0.044922 0.075195
2 0.601400 0.878662 0.056315 0.115723
2 0.558431 0.623047 0.044596 0.066406
2 0.348470 0.648682 0.058268 0.095215
2 0.372070 0.367432 0.043620 0.074707
2 0.271159 0.408936 0.057943 0.076660
2 0.570964 0.507080 0.037109 0.070801
2 0.712402 0.623535 0.065430 0.089844
2 0.664225 0.553467 0.042643 0.095215
2 0.466146 0.410156 0.043620 0.053711
2 0.383952 0.912109 0.045247 0.090820
2 0.411296 0.413818 0.031576 0.081543
2 0.381836 0.454102 0.032552 0.067383