2 0.554439 0.525959 0.089038 0.106151
2 0.264633 0.462467 0.081349 0.104167
2 0.670263 0.415179 0.080109 0.100860
2 0.333581 0.460152 0.058532 0.075066
2 0.645833 0.473380 0.053075 0.046627
2 0.395709 0.489418 0.048859 0.043651
2 0.421131 0.454034 0.050099 0.043651
2 0.226314 0.514716 0.062252 0.058532
2 0.325397 0.564649 0.048115 0.055225
2 0.936508 0.358466 0.050099 0.048942
2 0.089162 0.481647 0.059276 0.054563
2 0.600074 0.465608 0.041915 0.046958
2 0.637277 0.797454 0.057788 0.104167
2 0.868800 0.353836 0.054563 0.047619
2 0.150422 0.447255 0.060764 0.082341