2 0.117808 0.926918 0.038690 0.048280
2 0.125620 0.976190 0.032986 0.058201
2 0.098834 0.975033 0.030506 0.063161
2 0.154886 0.662368 0.040923 0.041005
2 0.358507 0.495866 0.039931 0.052579
2 0.042659 0.677579 0.040675 0.039021
2 0.480655 0.761243 0.036210 0.051587
2 0.328373 0.979332 0.045139 0.048611
2 0.239335 0.730820 0.031250 0.044312
2 0.466642 0.693783 0.039931 0.055556
2 0.158978 0.902612 0.036706 0.068452
2 0.502232 0.965112 0.038194 0.053902
2 0.284846 0.080688 0.045387 0.081349
2 0.140501 1.083168 0.039931 0.055225
2 0.257937 0.493386 0.046131 0.070106
2 0.534350 0.855489 0.031498 0.062169
2 0.460441 0.900298 0.029514 0.063161
2 0.084945 0.568287 0.036954 0.045966
2 0.062128 0.378638 0.040427 0.044312
2 0.188120 0.694610 0.036458 0.044643
2 0.272445 0.645999 0.040923 0.043981
2 0.113343 0.630126 0.024802 0.047950