2 0.513672 0.823568 0.072917 0.090712
2 0.495931 0.706380 0.068034 0.086372
2 0.492513 0.581814 0.046875 0.071615
2 0.645996 0.961806 0.069336 0.075521
2 0.541341 0.528863 0.049479 0.088976
2 0.489095 0.643229 0.050456 0.069444
2 0.619629 0.792535 0.048503 0.060764
2 0.501628 0.363064 0.052734 0.059462
2 0.449870 0.616753 0.044271 0.074653
2 0.417806 0.443576 0.041992 0.062500
2 0.703125 0.953559 0.044922 0.062500
2 0.464844 0.487630 0.045573 0.054253
2 0.795247 0.793186 0.054688 0.052517
2 0.504232 0.454644 0.039062 0.078559
2 0.733398 0.976562 0.054688 0.046875
2 0.479818 0.406033 0.044922 0.044705