2 0.146159 0.399306 0.082682 0.103299
2 0.316895 0.575521 0.101237 0.146701
2 0.634277 0.611111 0.055664 0.091146
2 0.528483 0.481771 0.066732 0.095486
2 0.416341 0.162977 0.067057 0.101997
2 0.498047 0.359809 0.065755 0.111979
2 0.664062 0.509332 0.048828 0.086372
2 0.772786 0.516493 0.084635 0.112847
2 0.923177 0.759332 0.061849 0.102865
2 0.897949 0.590929 0.067383 0.088108
2 0.403158 0.409939 0.075195 0.117622
2 0.638997 0.454210 0.057943 0.086372
2 0.623210 0.092014 0.062174 0.085938
2 0.736491 0.459201 0.049805 0.065104
2 0.033691 0.253906 0.067383 0.105035
2 0.014974 0.342231 0.029948 0.117622