2 0.631836 0.703993 0.073568 0.095486
2 0.792318 0.870226 0.080729 0.086806
2 0.971029 0.508030 0.054688 0.075087
2 0.586100 0.309245 0.049154 0.083767
2 0.221029 0.464844 0.100260 0.114583
2 0.037923 0.488932 0.060221 0.060330
2 0.589844 0.846788 0.081380 0.075521
2 0.898600 0.625000 0.065430 0.062500
2 0.619954 0.937500 0.074544 0.074653
2 0.134766 0.483724 0.053385 0.061198
2 0.038737 0.633898 0.077474 0.121094
2 0.047038 0.547960 0.045898 0.077691
2 0.058431 0.389757 0.053060 0.066840
2 0.598796 0.887804 0.055013 0.045573