2 0.575846 0.273438 0.050781 0.085069
2 0.812988 0.950738 0.043945 0.083767
2 0.705892 0.497830 0.062826 0.077257
2 0.532715 0.891059 0.060872 0.093750
2 0.831706 0.606120 0.052734 0.084635
2 0.492025 0.684028 0.069987 0.084201
2 0.753581 0.407552 0.047526 0.065972
2 0.914876 0.306207 0.052409 0.062934
2 0.466797 0.606988 0.050781 0.058594
2 0.646322 0.277344 0.040039 0.068576
2 0.874674 0.365234 0.029948 0.055122
2 0.700195 0.358290 0.042969 0.070747
2 0.118978 0.583550 0.051107 0.081163
2 0.838379 0.366319 0.030273 0.057292
2 0.174479 0.638455 0.056641 0.078125
2 0.884440 0.323568 0.022786 0.043837
2 0.420573 0.598307 0.052734 0.070747
2 0.866536 0.212023 0.035807 0.045573